1661154654 0 2666 0 0
1661154676 0 11965 0 0
1661155614 0 12106 0 0
1661155819 1 12106 0 0
1661163104 1 12107 0 0
1661168588 1 16668 0 0
1661169856 1 33662 0 0
1661169943 1 33662 0 0
1661171408 1 33662 0 1
1661171972 1 33662 0 2
1661172241 1 33662 0 2
1661173520 1 33662 1 2
1661173938 1 33662 2 2
1661173970 1 33662 2 2
1661175375 1 33665 2 2
1661175405 1 33666 2 2
1661175493 1 33669 2 2
1661178522 1 33669 226 2
1661178990 1 33669 358 2
1661179110 1 33669 490 2
1661179150 1 33669 490 2
1661180118 1 33669 490 486
1661180158 1 33669 490 486
1661180554 1 33669 490 493
1661180575 1 33669 490 493
1661180969 1 34150 490 493
1661180998 1 34150 490 493
1661238391 1 34150 490 493
1661239880 1 34150 525 493
1661242390 1 34150 1083 493
1661242484 1 34150 1083 493
1661242541 1 34184 1083 493
1661242565 1 34184 1083 493
1661242588 1 34184 1083 493
1661248844 1 34184 1264 493
1661248934 1 34184 1264 493
1661249310 1 34184 1265 493
1661249335 1 34184 1265 493
1661249657 1 34184 1265 493
1661249702 1 34264 1265 493
1661249748 1 34264 1265 493
1661250371 1 34264 1265 493
1661250396 1 34264 1265 493
1661250485 1 34264 1265 493
1661251238 1 34336 1265 493
1661253824 1 34336 1265 493
1661253890 1 34338 1265 493
1661253911 1 34338 1265 493
1661254423 1 34339 1265 493
1661254426 1 34339 1265 493
1661255241 1 34421 1265 493
1661255358 1 34422 1265 493
1661256200 1 34428 1265 493
1661258006 1 34431 1265 493
1661258030 1 34431 1265 493
1661258091 1 34431 1265 529
1661258158 1 34431 1265 530
1661258195 1 34431 1265 530
1661259050 1 34449 1265 530
1661260424 1 34485 1265 530
1661260449 1 34485 1265 530
1661264794 1 34485 1286 530
1661264825 1 34485 1286 530
1661265233 1 34489 1286 530
1661267054 1 34502 1286 530
1661267084 1 34502 1286 530
1661326016 1 34505 1286 530
1661326367 1 34507 1286 530
1661329329 1 34561 1286 530
1661329408 1 34561 1286 530
1661336409 1 34935 1286 530
1661336442 1 34935 1286 530
1661336698 1 34935 1774 530
1661336833 1 34935 1774 530
1661336844 1 34935 1774 530
1661351224 1 34987 1774 530
1661351294 1 34987 1774 530
1661351592 1 34989 1774 530
1661351615 1 34989 1774 530
1661352943 1 35064 1774 530
1661352970 1 35064 1774 530
1661354052 1 35064 1782 530
1661354058 1 35064 1782 530
1661354065 1 35064 1782 530
1661411771 1 35064 1782 530
1661412032 1 35064 1782 530
1661412327 1 35064 1782 530
1661412364 1 35064 1782 530
1661414632 1 35086 1782 530
1661414654 1 35086 1782 530
1661423252 1 35086 1867 530
1661429825 1 35156 1867 530
1661429854 1 35156 1867 530
1661429871 1 35156 1867 530
1661430077 1 35156 1867 621
1661430150 1 35156 1867 621
1661430239 1 35156 1867 621
1661430246 1 35156 1867 621
1661430330 1 35156 1879 621
1661430367 1 35156 1879 621
1661432181 1 35165 1879 621
1661432208 1 35165 1879 621
1661439083 1 35177 1879 621
1661439103 1 35177 1879 621
1661439123 1 35177 1879 621
1661439179 1 35177 1879 621
1661439915 1 35185 1879 621
1661440026 1 35193 1879 621
1661440127 1 35193 1879 621
1661440144 1 35193 1879 621
1661503938 1 35224 1879 621
1661503943 1 35224 1879 621
1661505316 1 35236 1879 621
1661505318 1 35245 1879 621
1661505385 1 35245 1879 621
1661505620 1 35265 1879 621
1661505646 1 35265 1879 621
1661506975 1 35273 1879 621
1661507009 1 35273 1879 621
1661507027 1 35273 1879 654
1661507441 1 35274 1879 654
1661507463 1 35274 1879 654
1661507541 1 35274 1879 654
1661508111 1 35274 2154 654
1661508216 1 35274 2154 654
1661509472 1 35284 2154 654
1661509491 1 35284 2154 654
1661524303 1 35284 2208 654
1661524363 1 35284 2208 654
1661524984 1 35284 2208 724
1661526031 1 35470 2208 724
1661526088 1 35470 2208 724
1661526095 1 35470 2208 724
1661526113 1 35470 2208 724
1661757178 87 35470 2208 724
1661757293 91 35470 2208 724
1661757329 92 35470 2208 724
1661760920 92 35470 2232 724
1661761034 92 35470 2232 724
1661773793 92 35604 2232 724
1661773845 92 35604 2232 724
1661776571 92 35652 2232 724
1661776594 92 35652 2232 724
1661776607 92 35652 2232 724
1661776617 92 35652 2232 724
1661779223 92 35652 2492 724
1661779342 92 35652 2492 724
1661781475 92 35652 2492 1447
1661783494 92 35652 2496 1447
1661783571 92 35652 2496 1447
1661783630 92 35758 2496 1447
1661783688 92 35758 2496 1447
1661783694 92 35758 2496 1447
1661783895 92 35758 2496 1447
1661843648 92 35758 2508 1447
1661845609 92 137299 2508 1447
1661846064 92 137299 2508 1447
1661846191 92 137299 2508 1447
1661846339 92 137299 2508 1447
1661852150 92 137521 2508 1447
1661852172 92 137521 2508 1447
1661853387 92 137524 2508 1447
1661853412 92 137524 2508 1447
1661853845 92 137525 2508 1447
1661854076 93 137525 2508 1447
1661855471 93 137551 2508 1447
1661855493 93 137551 2508 1447
1661856296 93 137551 2508 1769
1661856495 93 137551 2508 1769
1661859254 93 137551 2508 1913
1661859268 93 137551 2508 1913
1661860004 93 137559 2508 1913
1661861375 93 137564 2508 1913
1661861402 93 137565 2508 1913
1661861423 93 137565 2508 1913
1661863174 93 137577 2508 1913
1661863208 93 137577 2508 1913
1661863934 93 137584 2508 1913
1661863954 93 137584 2508 1913
1661865620 93 137585 2508 1913
1661865638 93 137585 2508 1913
1661869051 93 137585 2615 1913
1661870914 93 137601 2615 1913
1661870934 93 137601 2615 1913
1661872211 93 137607 2615 1913
1661872240 93 137607 2615 1913
1661872269 93 137607 2615 1913
1661872288 93 137607 2615 1913
1661873095 93 137607 2662 1913
1661873099 93 137607 2662 1913
1661930158 99 137607 2662 1913
1661930403 99 137609 2662 1913
1661930421 99 137609 2662 1913
1661934396 99 137616 2662 1913
1661934418 99 137616 2662 1913
1661936145 99 137635 2662 1913
1661936166 99 137635 2662 1913
1661936188 99 137635 2662 1913
1661937226 99 137646 2662 1913
1661937247 99 137646 2662 1913
1661937413 99 137648 2662 1913
1661937429 99 137648 2662 1913
1661938975 99 137648 2712 1913
1661939048 99 137648 2762 1913
1661939096 99 137648 2765 1913
1661939154 99 137648 2765 1913
1661939349 99 137652 2765 1913
1661940799 99 137652 2765 1915
1661942419 99 137766 2765 1915
1661942437 99 137766 2765 1915
1661943427 99 137772 2765 1915
1661943458 99 137772 2765 1915
1661943472 99 137772 2765 1915
1661947871 99 137772 2765 1916
1661955142 99 137862 2765 1916
1661955162 99 137862 2765 1916
1661955177 99 137862 2765 1916
1661956958 99 137994 2765 1916
1661957011 99 137994 2765 1916
1661957172 99 137994 2765 1916
1661958103 99 138044 2765 1916
1661958287 99 138094 2765 1916
1661962147 102 138094 2765 1916
1661962263 104 138094 2765 1916
1661962360 105 138094 2765 1916
1662019445 105 138094 2765 1916
1662019465 105 138094 2765 1916
1662020419 105 138094 2765 1918
1662023931 105 138097 2765 1918
1662023971 105 138097 2765 1918
1662033977 105 138097 2880 1918
1662034019 105 138097 2880 1918
1662035216 105 138098 2880 1918
1662035639 106 138098 2880 1918
1662035709 107 138098 2880 1918
1662035994 108 138098 2880 1918
1662037047 108 138098 2880 1918
1662037050 108 138098 2880 1918
1662037647 108 138098 2880 1918
1662037843 108 138104 2880 1918
1662044937 108 138113 2880 1918
1662044957 108 138113 2880 1918
