1661154654 2666
1661154676 10778
1661155614 10918
1661155819 10919
1661163104 10919
1661169943 29117
1661172241 29119
1661173520 29120
1661173970 29121
1661175375 29121
1661175405 29121
1661175493 29118
1661179150 29606
1661180158 30090
1661180575 30060
1661238391 30540
1661242588 30935
1661249657 31116
1661251238 31183
1661253824 31183
1661254423 31183
1661254426 31184
1661255241 31024
1661255358 31024
1661256200 31030
1661258030 31017
1661258195 31052
1661259050 31063
1661260449 31098
1661264825 31110
1661265233 31110
1661267084 31121
1661326016 31122
1661326367 31123
1661329408 31177
1661336442 31548
1661336844 32033
1661354065 32032
1661412032 32046
1661412364 32046
1661414654 32067
1661429854 32127
1661429871 32122
1661430150 32122
1661430246 32206
1661430367 32210
1661432208 32211
1661439123 32191
1661439179 32191
1661440026 32198
1661503938 32225
1661503943 32225
1661505385 32221
1661505646 32220
1661507009 32224
1661507463 32224
1661507541 32257
1661508216 32525
1661509491 32534
1661524363 32580
1661526095 32752
1661526113 32787
1661757178 32872
1661757293 32874
1661757329 32874
1661761034 32890
1661773845 33024
1661776607 33071
1661776617 33071
1661779342 33330
1661783571 33327
1661783694 33405
1661783895 34051
1661846064 34051
1661846339 134960
1661852172 134943
1661853412 134945
1661853845 134945
1661854076 134945
1661855493 134951
1661856495 135253
1661859268 135397
1661860004 135374
1661861423 135241
1661863208 135250
1661863954 135255
1661865638 135255
1661870934 135267
1661872240 135268
1661872288 135322
1661930158 135328
1661930421 135330
1661934418 135336
1661936166 135353
1661936188 135388
1661937247 135397
1661937429 135397
1661939154 135484
1661939349 135446
1661942437 135528
1661943458 135533
1661943472 135535
1661955162 135623
1661955177 135623
1661957011 135755
1661957172 135751
1661958103 135800
1661958287 135849
1661962147 135852
1661962263 135852
1661962360 135852
1662019465 135719
1662020419 135721
1662023971 135543
1662034019 135635
1662035216 135635
1662037047 135612
1662037050 135545
1662037647 135257
1662037843 135263
1662044957 135271
